n
0
50000000
100000000
150000000
200000000
250000000
300000000
350000000
400000000
450000000
500000000
550000000
600000000
650000000
700000000
750000000
800000000
850000000
900000000
950000000
1000000000

none
0
2789.1
6733.8
9214.7
12377.9
15431
19042.2
21097.3
24147.7
27757.9
31110.5
33832.4
37686.8
41233.5
42402.4
47766.5
50362.4
53620.2
57262.8
58697.9
61675.7

class
0
4302.2
9455.8
13445.7
18294.4
22220.4
27552.9
30980.6
35660.1
40656
45117.6
49902.4
54182.3
57705.7
63575.5
64841
70723.9
76046.1
79048
82450.4
88324.3

closure
0
4598.9
8985.6
14362.5
17949.9
23685.1
27270.2
32719.1
36139.2
40814.4
46770.9
50326.3
54493.3
58897.7
63341.9
68268.4
73368
78158.2
82387.2
85116.9
90823.9